1 - PQ
2 - PV
3 - ref
4 - Isolated

30 bus system:
pq = [3,4,6,7,9,10,12,14,15,16,17,18,19,20,21,22,23,24,25,26,27,28,29,30];
pv = [2,5,8,11,13]
ref = [1]

39 bus system:
pq = [1,2,3,4,5,6,7,8,9,10,11,12,13,14,15,16,17,18,19,20,21,22,23,24,25,26,27,28,29]
pv = [30,32,33,34,35,36,37,38,39]
ref = [31]

57 bus system:
pq = [4,5,7,10,11,13,14,15,16,17,18,19,20,21,22,23,24,25,26,27,28,29,30,31,32,33,34,35,36,37,38,39,40,41,42,43,44,45,46,47,48,49,50,51,52,53,54,55,56,57]
pv = [2,3,6,8,9,12]
ref = [1]

118 bus system:
ref = [69]
pq = [2,3,5,7,9,11,13,14,16,17,20,21,22,23,28,29,30,33,35,37,38,39,41,43,44,45,47,48,50,51,52,53,57,58,60,63,64,67,68,71,75,78,79,81,82,83,84,86,88,93,94,95,96,97,98,101,102,106,108,109,114,115,117,118]
pv = [1,4,6,8,10,12,15,18,19,24,25,26,27,31,32,34,36,40,42,46,49,54,55,56,59,61,62,65,66,70,72,73,74,76,77,80,85,87,89,90,91,92,99,100,103,104,105,107,110,111,112,113,116]
  